EXPERIMENTS: Ours

k-value:			 2
Empirical data points:		 5
Seeded randomization:		 True
Initial solution type:		 GMS
Processing times distribution:	 uniform

Number of Machines: [2, 4, 6, 8, 10]
Number of Jobs: [10, 20, 30, 40, 50, 60, 70, 80, 90, 100]

Experimentizing with 2 machines and...
...10 jobs
[268, 327, 280, 232, 222]
[271, 335, 280, 232, 227]
...20 jobs
[593, 510, 360, 434, 497]
[598, 510, 360, 436, 497]
...30 jobs
[873, 590, 683, 750, 709]
[875, 590, 683, 750, 710]
...40 jobs
[1103, 794, 999, 911, 1047]
[1103, 794, 1000, 911, 1047]
...50 jobs
[1324, 1069, 1211, 1249, 1204]
[1325, 1069, 1211, 1249, 1204]
...60 jobs
[1462, 1433, 1449, 1513, 1333]
[1463, 1433, 1449, 1514, 1333]
...70 jobs
[1674, 1741, 1682, 1636, 1909]
[1674, 1741, 1682, 1636, 1909]
...80 jobs
[1896, 1910, 2051, 1883, 2072]
[1896, 1910, 2052, 1883, 2072]
...90 jobs
[2145, 2199, 2173, 2395, 2135]
[2145, 2199, 2173, 2395, 2136]
...100 jobs
[2393, 2460, 2337, 2622, 2387]
[2393, 2460, 2337, 2622, 2387]

Experimentizing with 4 machines and...
...10 jobs
[136, 175, 151, 118, 114]
[138, 176, 151, 120, 118]
...20 jobs
[298, 255, 180, 217, 249]
[310, 258, 181, 222, 250]
...30 jobs
[437, 295, 342, 375, 355]
[440, 297, 343, 377, 355]
...40 jobs
[552, 397, 500, 456, 524]
[553, 397, 501, 457, 528]
...50 jobs
[662, 535, 606, 625, 602]
[666, 535, 606, 626, 604]
...60 jobs
[731, 717, 725, 757, 667]
[735, 717, 725, 762, 668]
...70 jobs
[837, 871, 841, 818, 955]
[839, 871, 844, 819, 959]
...80 jobs
[948, 955, 1026, 942, 1037]
[948, 955, 1026, 942, 1038]
...90 jobs
[1073, 1100, 1087, 1198, 1068]
[1073, 1100, 1088, 1198, 1070]
...100 jobs
[1197, 1230, 1169, 1311, 1194]
[1197, 1230, 1169, 1313, 1195]

Experimentizing with 6 machines and...
...10 jobs
[102, 128, 108, 89, 82]
[102, 128, 108, 89, 82]
...20 jobs
[199, 173, 122, 151, 169]
[201, 173, 125, 153, 178]
...30 jobs
[293, 200, 229, 252, 238]
[297, 202, 235, 255, 238]
...40 jobs
[371, 266, 334, 304, 353]
[372, 267, 337, 304, 355]
...50 jobs
[447, 357, 404, 418, 404]
[448, 357, 404, 419, 406]
...60 jobs
[489, 479, 484, 507, 445]
[491, 479, 484, 507, 445]
...70 jobs
[559, 582, 562, 546, 638]
[559, 582, 562, 546, 642]
...80 jobs
[633, 637, 685, 628, 693]
[635, 637, 686, 629, 693]
...90 jobs
[716, 734, 725, 800, 713]
[716, 734, 728, 800, 713]
...100 jobs
[799, 821, 780, 876, 796]
[799, 824, 780, 876, 797]

Experimentizing with 8 machines and...
...10 jobs
[88, 89, 82, 89, 76]
[88, 89, 82, 89, 76]
...20 jobs
[155, 135, 95, 116, 128]
[166, 135, 97, 116, 128]
...30 jobs
[223, 152, 174, 191, 182]
[224, 156, 178, 191, 182]
...40 jobs
[279, 201, 252, 232, 265]
[280, 201, 252, 235, 265]
...50 jobs
[334, 269, 306, 314, 305]
[334, 269, 306, 314, 307]
...60 jobs
[368, 359, 363, 381, 335]
[370, 359, 363, 382, 337]
...70 jobs
[421, 437, 424, 411, 481]
[422, 437, 426, 414, 487]
...80 jobs
[478, 478, 516, 472, 520]
[479, 479, 516, 472, 521]
...90 jobs
[538, 554, 545, 602, 535]
[539, 554, 545, 606, 537]
...100 jobs
[600, 616, 585, 657, 598]
[600, 618, 585, 657, 599]

Experimentizing with 10 machines and...
...10 jobs
[88, 89, 82, 89, 76]
[88, 89, 82, 89, 76]
...20 jobs
[131, 108, 78, 92, 117]
[131, 108, 78, 92, 117]
...30 jobs
[179, 123, 145, 161, 147]
[187, 123, 155, 163, 152]
...40 jobs
[226, 163, 207, 186, 216]
[227, 163, 207, 192, 216]
...50 jobs
[269, 218, 244, 255, 244]
[269, 218, 246, 256, 248]
...60 jobs
[297, 293, 294, 307, 268]
[298, 293, 294, 311, 268]
...70 jobs
[338, 352, 340, 328, 387]
[338, 353, 340, 328, 387]
...80 jobs
[383, 386, 413, 379, 419]
[383, 386, 413, 379, 419]
...90 jobs
[433, 442, 439, 486, 428]
[433, 445, 439, 487, 428]
...100 jobs
[481, 497, 470, 529, 478]
[482, 498, 470, 529, 478]

Full results are stored in:
	data/makespan_Ours_GMS_seeded_uniform_mX_nX.csv