EXPERIMENTS: Ours

k-value:			 2
Empirical data points:		 5
Seeded randomization:		 True
Initial solution type:		 GMS
Processing times distribution:	 fatTailed

Number of Machines: [2, 4, 6, 8, 10]
Number of Jobs: [10, 20, 30, 40, 50, 60, 70, 80, 90, 100]

Experimentizing with 2 machines and...
...10 jobs
[392, 379, 300, 400, 200]
[392, 379, 300, 400, 200]
...20 jobs
[692, 672, 317, 400, 473]
[692, 672, 317, 400, 473]
...30 jobs
[983, 700, 605, 906, 952]
[983, 700, 605, 906, 952]
...40 jobs
[1343, 700, 1173, 1200, 961]
[1351, 700, 1173, 1200, 961]
...50 jobs
[1491, 973, 1652, 1213, 1103]
[1491, 973, 1652, 1213, 1103]
...60 jobs
[1653, 1511, 1677, 1365, 1653]
[1653, 1511, 1677, 1365, 1653]
...70 jobs
[1806, 1938, 1763, 1878, 1433]
[1806, 1938, 1763, 1878, 1433]
...80 jobs
[2019, 2329, 1858, 2059, 1850]
[2019, 2329, 1858, 2059, 1850]
...90 jobs
[2258, 2583, 2143, 2059, 2143]
[2258, 2583, 2143, 2059, 2143]
...100 jobs
[2461, 2848, 2550, 2256, 2240]
[2461, 2848, 2550, 2256, 2240]

Experimentizing with 4 machines and...
...10 jobs
[200, 200, 200, 200, 100]
[200, 200, 200, 200, 100]
...20 jobs
[392, 372, 200, 200, 273]
[392, 372, 200, 200, 273]
...30 jobs
[498, 400, 303, 500, 500]
[498, 400, 303, 500, 500]
...40 jobs
[692, 400, 600, 600, 500]
[692, 400, 600, 600, 500]
...50 jobs
[773, 500, 852, 612, 568]
[773, 500, 852, 612, 568]
...60 jobs
[845, 800, 871, 686, 830]
[851, 800, 871, 686, 836]
...70 jobs
[903, 1000, 886, 939, 717]
[903, 1000, 886, 939, 717]
...80 jobs
[1010, 1200, 929, 1031, 929]
[1010, 1200, 939, 1036, 929]
...90 jobs
[1129, 1300, 1075, 1030, 1093]
[1145, 1300, 1075, 1030, 1093]
...100 jobs
[1231, 1426, 1275, 1129, 1120]
[1245, 1426, 1275, 1129, 1120]

Experimentizing with 6 machines and...
...10 jobs
[192, 179, 100, 200, 100]
[192, 179, 100, 200, 100]
...20 jobs
[292, 272, 117, 200, 200]
[292, 272, 117, 200, 200]
...30 jobs
[373, 300, 202, 302, 352]
[373, 300, 202, 302, 352]
...40 jobs
[492, 300, 400, 400, 356]
[492, 300, 400, 400, 356]
...50 jobs
[500, 373, 600, 405, 400]
[500, 373, 600, 412, 400]
...60 jobs
[592, 504, 600, 486, 568]
[592, 504, 600, 486, 568]
...70 jobs
[602, 700, 600, 639, 500]
[602, 700, 600, 639, 500]
...80 jobs
[698, 800, 639, 700, 622]
[698, 800, 639, 700, 629]
...90 jobs
[773, 900, 716, 700, 715]
[773, 900, 721, 700, 715]
...100 jobs
[845, 985, 850, 779, 763]
[845, 985, 850, 779, 763]

Experimentizing with 8 machines and...
...10 jobs
[100, 100, 100, 100, 100]
[100, 100, 100, 100, 100]
...20 jobs
[200, 200, 100, 100, 173]
[200, 200, 100, 100, 173]
...30 jobs
[298, 200, 200, 300, 300]
[298, 200, 200, 300, 300]
...40 jobs
[392, 200, 300, 300, 300]
[392, 200, 300, 300, 300]
...50 jobs
[400, 300, 452, 304, 300]
[400, 300, 452, 312, 300]
...60 jobs
[449, 400, 471, 386, 436]
[451, 400, 471, 386, 436]
...70 jobs
[498, 500, 486, 500, 400]
[498, 500, 486, 500, 400]
...80 jobs
[505, 600, 500, 536, 500]
[505, 600, 500, 536, 500]
...90 jobs
[598, 700, 554, 522, 593]
[598, 700, 554, 522, 593]
...100 jobs
[645, 726, 648, 600, 600]
[645, 726, 648, 600, 600]

Experimentizing with 10 machines and...
...10 jobs
[100, 100, 100, 100, 100]
[100, 100, 100, 100, 100]
...20 jobs
[200, 200, 100, 100, 100]
[200, 200, 100, 100, 100]
...30 jobs
[200, 200, 200, 200, 200]
[200, 200, 200, 200, 200]
...40 jobs
[300, 200, 300, 300, 200]
[300, 200, 300, 300, 200]
...50 jobs
[300, 200, 400, 300, 268]
[300, 200, 400, 300, 268]
...60 jobs
[392, 303, 400, 300, 368]
[392, 303, 400, 300, 368]
...70 jobs
[400, 400, 400, 400, 300]
[400, 400, 400, 400, 300]
...80 jobs
[405, 500, 400, 430, 400]
[405, 500, 400, 436, 400]
...90 jobs
[498, 571, 454, 422, 493]
[498, 571, 454, 422, 493]
...100 jobs
[500, 600, 515, 500, 500]
[500, 600, 515, 500, 500]

Full results are stored in:
	data/makespan_Ours_GMS_seeded_fatTailed_mX_nX.csv